1000 40839  99668  10000000
1500 32944  92766  10000000
2000 27311  88509  10000000
2500 24083  85360  10000000
3000 20733  83659  10000000
3500 18702  81650  10000000
4000 16809  80944  10000000
4500 15116  79083  10000000
5000 13803  78689  10000000
5500 12968  78737  10000000
6000 11961  78901  10000000
6500 11157  78750  10000000
7000 10296  78114  10000000
7500 9823  78452  10000000
8000 8890  78321  10000000
8500 8263  78131  10000000
9000 7711  78007  10000000
9500 7474  78921  10000000
10000 6812  79088  10000000
10500 6479  78591  10000000
11000 5984  78907  10000000
11500 5851  79325  10000000
12000 5367  79642  10000000
12500 5061  79820  10000000

