2000 28349  88509  10000000
2500 26190  85360  10000000
3000 24002  83659  10000000
3500 23132  81650  10000000
4000 21995  80944  10000000
4500 20752  79083  10000000
5000 20103  78689  10000000
5500 19440  78737  10000000
6000 18867  78901  10000000
6500 18149  78750  10000000
7000 17192  78114  10000000
7500 17036  78452  10000000
8000 15940  78321  10000000
8500 15441  78131  10000000
9000 14675  78007  10000000
9500 14382  78921  10000000
10000 13666  79088  10000000
10500 12702  78591  10000000
11000 11974  78907  10000000
11500 11560  79325  10000000
12000 11229  79642  10000000
12500 10368  79820  10000000

